field_21=[
    [0, 0, 0, 0, 0, 0, 0, 0, 0],
    [8, 0, 9, 7, 0, 0, 4, 0, 0],
    [3, 0, 0, 6, 4, 0, 0, 0, 0],
    [0, 2, 1, 0, 0, 0, 0, 0, 6],
    [0, 0, 0, 0, 0, 1, 0, 0, 0],
    [4, 6, 0, 0, 8, 0, 0, 0, 0],
    [0, 0, 3, 0, 0, 0, 0, 0, 2],
    [7, 0, 0, 9, 0, 0, 8, 5, 0],
    [0, 0, 0, 0, 0, 0, 0, 0, 1]
    ]

solution_21=[
    [6, 7, 4, 1, 5, 9, 2, 3, 8],
    [8, 1, 9, 7, 2, 3, 4, 6, 5],
    [3, 5, 2, 6, 4, 8, 9, 1, 7],
    [5, 2, 1, 4, 9, 7, 3, 8, 6],
    [9, 3, 8, 2, 6, 1, 5, 7, 4],
    [4, 6, 7, 3, 8, 5, 1, 2, 9],
    [1, 8, 3, 5, 7, 4, 6, 9, 2],
    [7, 4, 6, 9, 1, 2, 8, 5, 3],
    [2, 9, 5, 8, 3, 6, 7, 4, 1]
    ]

